Diatomic Binding Curves Summary
Level: pbe/def2-svp
Molecule   E_c [eV]    r_e [A]      l [A]   Residual
-------------------------------------------------------
      H2     4.7404     0.7474     0.2957     1.1245
     LiH     2.3822     1.5860     0.5530     0.0650
     BeH     2.4371     1.3322     0.3893     0.0534
      BH     3.6301     1.2482     0.4012     0.2892
      CH     3.6901     1.1416     0.3502     0.0525
      NH     3.7767     1.0531     0.3090     0.0392
      OH     4.6358     0.9913     0.3045     0.0279
      HF     5.9663     0.9436     0.3122     0.1452
     NaH     1.8886     1.8467     0.5541     0.0939
     MgH     1.3790     1.7180     0.4213     0.0293
     AlH     3.1030     1.6622     0.5148     0.2272
     SiH     3.1327     1.5354     0.4412     0.0531
      PH     3.2278     1.4274     0.3835     0.0550
      SH     3.7807     1.3479     0.3639     0.0566
     HCl     4.5919     1.2798     0.3532     0.1688
      KH     1.6992     2.2444     0.6555     0.0506
     Li2     0.9052     2.5868     0.6592     0.1893
      N2    10.5928     1.0722     0.2359     2.0859
      O2     6.5383     1.1933     0.2601     0.7047
      F2     2.2971     1.3665     0.2444     0.2861
     Na2     0.8204     2.8978     0.7233     0.1422
     Cl2     2.6295     2.0222     0.3703     0.1115
     LiF     5.5685     1.7230     0.7267     0.9989
     NaF     4.6055     2.1788     0.7915     0.5745
    NaCl     3.9732     2.6088     0.8952     0.5022
      CO    11.9980     1.1495     0.3060     0.2145
      NO     7.6131     1.1564     0.2613     0.0273
      CN     8.6073     1.1619     0.2686     0.8895
      BF     8.3471     1.3646     0.4452     0.3245
     AlF     7.1833     1.8282     0.5730     0.5621
